r_1 =   0.830183
r_2 =   0.018716
r_3 =   0.000623
r_4 =   0.000015
r_5 =   0.000000
Valor de la integral = 14.025845
